0000   01 c6 30 32 30 30 46 41 33 41 34 35 39 31 32 38
0010   41 33 44 30 30 38 30 30 30 30 31 30 30 30 31 36
0020   30 30 30 30 30 30 31 36 31 32 33 34 35 36 37 38
0030   39 30 31 32 33 34 35 36 32 31 32 30 30 30 30 30
0040   30 30 30 30 30 30 30 31 30 30 30 30 30 30 30 30
0050   30 30 30 31 30 30 30 33 32 36 31 33 34 30 34 31
0060   30 30 30 30 30 30 31 33 34 30 34 31 30 33 32 36
0070   30 33 32 36 36 30 31 31 30 32 31 30 30 30 30 32
0080   44 30 30 30 30 30 30 30 30 31 30 30 30 30 30 30
0090   30 39 39 39 36 33 37 31 32 33 34 35 36 37 38 39
00a0   30 31 32 33 34 35 36 3d 31 32 33 34 31 32 33 34
00b0   35 36 37 38 39 30 31 32 33 34 35 36 30 30 30 30
00c0   30 30 30 30 30 30 30 30 39 39 39 36 38 39 39 36
00d0   34 30 49 4e 53 54 41 50 41 59 20 20 20 20 20 2f
00e0   30 32 31 30 2f 32 39 31 36 38 30 50 41 53 49 47
00f0   20 20 20 20 20 20 20 20 50 48 30 34 39 39 39 36
0100   31 31 35 53 79 6e 65 72 6d 61 78 78 20 20 20 20
0110   20 20 20 20 20 20 20 20 20 20 20 20 20 20 20 20
0120   20 44 65 63 65 6d 62 65 72 20 31 2d 4d 61 6e 64
0130   61 6c 75 79 6f 53 4d 58 20 69 6e 73 74 61 70 61
0140   79 20 20 20 20 20 20 20 20 20 20 20 20 20 20 20
0150   20 20 20 39 38 37 36 35 34 33 32 31 30 39 38 20
0160   20 20 20 20 20 20 20 7e 5c 55 42 50 48 50 48 4d
0170   4d 58 58 58 5c 5c 36 30 38 36 30 38 31 30 39 42
0180   31 34 31 45 33 41 38 38 42 42 39 45 32 32 31 30
0190   32 30 30 30 30 30 30 44 30 30 30 30 30 30 30 30
01a0   31 30 30 30 30 30 30 30 30 30 34 31 31 32 39 38
01b0   37 36 35 34 33 32 31 30 39 38 31 32 31 32 33 34
01c0   35 36 37 38 39 30 31 32
